# source: CodeWalker MetaTypes.cs / PsoTypes.cs (dexyfex), extracted by tools/extract_codewalker_schema.py
M 8dea3d6b 94651e71 768 48 100,0,5,0,0,c4b2f638 b3cfd467,0,52,0,0,0 100,0,5,0,0,f48f9112 45c8b3d0,16,52,0,2,0
M efd56957 542ad7f 768 88 100,0,5,0,0,c71ec7f7 2feea5d2,0,52,0,0,0 100,0,5,0,0,fda46598 56c94556,16,52,0,2,0 100,0,5,0,0,33ef3515 c201f394,32,52,0,4,0
M 9aebe32f 35531040 768 64 334afbca,12,14,0,0,0 e3f6bf99,16,14,0,0,0 1d90d056,20,14,0,0,0 c92509f6,24,14,0,0,0 a064063f,44,21,0,0,0 dc0a7d8b,48,21,0,0,0
M b3fbc5eb 9f1b39b3 768 96 100,0,4a,0,0,0 b63d4f27,0,52,0,0,0 100,0,4a,0,0,0 b40ec2a9,16,52,0,2,0 100,0,4a,0,0,0 e429478d,32,52,0,4,0 100,0,4a,0,0,0 95696629,48,52,0,6,0 100,0,4a,0,0,0 8f714584,64,52,0,8,0 100,0,4a,0,0,0 695f67c2,80,52,0,10,0
M 58fcea50 d0b2638d 768 376 4d0537bb,0,14,0,0,0 29e21837,8,5,0,0,8dea3d6b 100,0,5,0,0,fb2879a8 29928a63,72,52,0,2,0 dc4d2d41,96,5,0,0,efd56957 b5fb73cb,184,5,0,0,9aebe32f 100,0,13,0,0,0 e529d603,248,52,0,6,0 100,0,5,0,0,2cb8cab0 d5dc5baa,264,52,0,8,0 416c72ac,280,5,0,0,b3fbc5eb
M f48f9112 17fcc7a6 1024 64 c1d9350e,21,11,0,0,0 c85eaab8,22,11,0,0,0 75c746f7,23,11,0,0,0 49491253,24,11,0,0,0 b14cf610,25,11,0,0,0 2acbad2c,26,11,0,0,0 23413900,27,11,0,0,0 a038367b,28,11,0,0,0 772644d5,29,11,0,0,0 88dd0e3b,30,11,0,0,0 81f40401,32,13,0,0,0 4b621302,36,65,0,32,29be262a 477ced,48,34,0,0,0
M fb2879a8 4bc4faec 1024 80 26455559,0,33,0,0,0 51e89dce,16,4a,0,0,0 100,0,5,0,0,c4b2f638 ec6c443e,24,52,0,2,0 201c6a35,64,1,0,0,0 3db8ad36,65,1,0,0,0
M c4b2f638 b76c7e31 1024 96 e6e17f14,8,4a,0,0,0 d8950703,16,33,0,0,0 52d24328,32,34,0,0,0 fdfd7a7f,48,4a,0,0,0 a3be567d,52,4a,0,0,0 ca2065a9,56,4a,0,0,0 216993ea,60,4a,0,0,0 7c9e232a,64,4a,0,0,0 110d30e5,68,62,0,0,d500c082 dc732774,72,21,0,0,0 cbbe55b,76,21,0,0,0 4fbb9cf3,80,21,0,0,0 84dc271f,84,11,0,0,0 b0c485d7,85,11,0,0,0 67d26872,88,65,0,32,29be262a 4f559a66,92,1,0,0,0 d2ad69db,93,1,0,0,0 a9d333c,94,1,0,0,0
M c71ec7f7 6bfda2e8 1024 32 c928991,0,33,0,0,0 9b1d60ab,16,4a,0,0,0 b675857,20,4a,0,0,0 1844403f,24,1,0,0,0 4e017c07,25,1,0,0,0
M fda46598 7781a854 256 8 c0ed9f26,0,13,0,0,0 a9fb1b57,2,13,0,0,0 65acff0b,4,60,0,0,d7294a3a 3333a3bd,5,60,0,0,ecbc740e 54990b91,6,60,0,0,3817d55e
M 33ef3515 a406d1de 768 40 44f1b77a,0,11,0,0,0 100,0,13,0,0,0 37b66613,8,52,0,1,0
M 3f4f4469 46df44d2 1024 16 f3c49301,0,34,0,0,0
M 2cb8cab0 d7eaaa23 1024 80 29e21837,0,5,0,0,8dea3d6b 150220fd,48,5,0,0,3f4f4469 4151bb75,64,21,0,0,0 ba87159c,68,1,0,0,0
M 819e70e e405d68e 768 40 100,0,5,0,0,3b8efc0b 18fa1caf,0,52,0,0,0 100,0,5,0,0,50f454f4 fd39878b,16,52,0,2,0 8b14becc,32,1,0,0,0
M 3b8efc0b 424e8e60 1024 112 100,0,4a,0,0,0 1381cf1a,0,52,0,0,0 100,0,4a,0,0,0 c9018a33,16,52,0,2,0 100,0,4a,0,0,0 3569b859,32,52,0,4,0 15478380,48,33,0,0,0 c892ba1,64,33,0,0,0 100,0,11,0,0,0 690cb1a7,80,52,0,8,0 4b621302,96,15,0,0,0
M 50f454f4 dd252b1e 768 16 100,0,4a,0,0,0 a380ad32,0,52,0,0,0
M d98bb561 9b8046d4 768 80 100,0,7,0,0,0 f17e7f28,8,52,0,0,0 100,0,7,0,0,0 18a3b1b,24,52,0,2,0 e6e17f14,40,4a,0,0,0 100,0,4a,0,0,0 3c6f8844,48,52,0,5,0 100,0,5,0,0,46ad6dff 65e9d4eb,64,52,0,7,0
M 82d6fc83 8fbadaa4 1024 144 bf74dfa7,8,21,0,0,0 67d26872,12,15,0,0,0 6c1523e4,16,15,0,0,0 d9ef8236,32,33,0,0,0 e78aa618,48,33,0,0,0 d61872ff,64,33,0,0,0 82e8c5de,80,21,0,0,0 ad5d5b4c,84,21,0,0,0 e6e17f14,88,4a,0,0,0 75d215a1,92,4a,0,0,0 19471791,96,4a,0,0,0 fc1fb6fb,100,4a,0,0,0 d3c717fc,104,4a,0,0,0 69004b2,108,62,0,0,76baf7c7 9a77c7c5,112,4a,0,0,0 100,0,7,0,0,0 f17e7f28,120,52,0,15,0
M 79b7dce5 82096444 768 56 100,0,5,0,0,e755331b dbc78949,8,52,0,0,0 100,0,5,0,0,ab25fe4e 5bace86e,24,52,0,2,0 100,0,5,0,0,b920fe73 f87116fd,40,52,0,4,0
M e755331b b7ee0e2d 768 72 d158bc58,8,15,0,0,0 90f8f724,12,15,0,0,0 1d403363,16,4a,0,0,0 100,0,11,0,0,0 2f54d981,24,52,0,3,0 100,0,13,0,0,0 f0bd090b,40,52,0,5,0 100,0,11,0,0,0 b8728ac4,56,52,0,7,0
M ab25fe4e 50c5bb42 768 88 52d55a13,8,15,0,0,0 1b8608a9,12,14,0,0,0 c2e4a6b4,16,15,0,0,0 100,0,11,0,0,0 2f54d981,24,52,0,3,0 100,0,13,0,0,0 f0bd090b,40,52,0,5,0 100,0,11,0,0,0 84275e1,56,52,0,7,0 100,0,11,0,0,0 b8728ac4,72,52,0,9,0
M b920fe73 ce1f6809 768 88 c6e9925a,8,15,0,0,0 ac4bc56b,12,14,0,0,0 2724c2d6,16,15,0,0,0 100,0,11,0,0,0 2f54d981,24,52,0,3,0 100,0,13,0,0,0 f0bd090b,40,52,0,5,0 100,0,11,0,0,0 84275e1,56,52,0,7,0 100,0,11,0,0,0 b8728ac4,72,52,0,9,0
M f14a15be 6d7b0a56 768 48 7fae45e2,8,4a,0,0,0 100,0,5,0,0,ba049770 d3af3360,16,52,0,1,0 100,0,5,0,0,7c475b5d f3773dd,32,52,0,3,0
M 87ac4538 8a97926c 768 136 100,0,5,0,0,e2cbcfd4 34df9828,8,52,0,0,0 100,0,21,0,0,0 cc6806e8,24,52,0,2,0 100,0,21,0,0,0 2bb342ba,40,52,0,4,0 100,0,15,0,0,0 b983bbe6,56,52,0,6,0 100,0,15,0,0,0 3e818018,72,52,0,8,0 100,0,11,0,0,0 455c3938,88,52,0,10,0 100,0,11,0,0,0 bc76acc0,104,52,0,12,0 100,0,11,0,0,0 88a2b1fb,120,52,0,14,0
M 793441f4 a823a583 768 48 100,0,5,0,0,e2cbcfd4 1166164,8,52,0,0,0 100,0,15,0,0,0 b987d32,24,52,0,2,0 dd11304b,40,13,0,0,0 7a5c560d,42,13,0,0,0
M b7206e4a 782698f9 768 72 68c27e33,0,15,0,0,0 67d26872,4,15,0,0,0 e6e17f14,8,44,0,0,0 76350055,24,44,0,0,0 8c060170,40,44,0,0,0 f678e23,56,44,0,0,0
M d3593fa6 cd85db27 1024 512 e6e17f14,8,4a,0,0,0 a99c4651,12,4a,0,0,0 67d26872,16,15,0,0,0 6a675035,20,15,0,0,0 dd22821f,32,33,0,0,0 a22ea335,48,33,0,0,0 1c75bcf1,64,33,0,0,0 6d074437,80,33,0,0,0 100,0,7,0,0,0 ccab9307,96,52,0,8,0 100,0,5,0,0,163022a5 aeff8d15,112,52,0,10,0 100,0,5,0,0,3a282e1d ed70c614,128,52,4,12,0 100,0,5,0,0,a36c4ead 7f1998dd,144,52,4,14,0 100,0,4a,0,0,0 38999564,160,52,0,16,0 9920dc29,176,5,0,0,f14a15be 100,0,5,0,0,674f9350 af9c3bd9,224,52,0,19,0 100,0,5,0,0,6ee83bdf c200ab4c,240,52,0,21,0 69c2c0fa,256,5,0,0,87ac4538 b0199551,392,5,0,0,793441f4 e433d77d,440,5,0,0,b7206e4a
M ce501483 6cd37d5a 1024 128 a023a02c,8,4a,0,0,0 67d26872,12,15,0,0,0 9a7b6e6d,16,15,0,0,0 1166164,32,33,0,0,0 77dd4010,48,34,0,0,0 9ca32637,64,21,0,0,0 10fb7c42,68,21,0,0,0 d89231bd,72,14,0,0,0 bf74dfa7,76,21,0,0,0 ca974bcd,80,21,0,0,0 6c8f1715,84,62,0,0,4b5acc2f a687ac89,88,15,0,0,0 2691f019,92,62,0,0,26a60207 100,0,7,0,0,0 f17e7f28,96,52,0,13,0 18c1d587,112,14,0,0,0 23c0e543,116,14,0,0,0 3c852527,120,15,0,0,0
M 674f9350 9ff1c069 1024 64 e6e17f14,8,4a,0,0,0 672d4771,16,33,0,0,0 98474238,32,33,0,0,0 afb02915,48,21,0,0,0 13d14fa4,52,21,0,0,0 2543dc07,56,15,0,0,0 16af8fb2,60,15,0,0,0
M 76b0c56c 963d9b86 1024 160 bf74dfa7,8,21,0,0,0 67d26872,12,15,0,0,0 6c1523e4,16,15,0,0,0 d9ef8236,32,33,0,0,0 e78aa618,48,33,0,0,0 d61872ff,64,33,0,0,0 82e8c5de,80,21,0,0,0 ad5d5b4c,84,21,0,0,0 e6e17f14,88,4a,0,0,0 75d215a1,92,4a,0,0,0 19471791,96,4a,0,0,0 fc1fb6fb,100,4a,0,0,0 d3c717fc,104,4a,0,0,0 69004b2,108,62,0,0,76baf7c7 9a77c7c5,112,4a,0,0,0 100,0,7,0,0,0 f17e7f28,120,52,0,15,0 8609d52c,144,15,0,0,0
M 27922c43 913575d9 1024 48 e6e17f14,8,4a,0,0,0 d8950703,16,33,0,0,0 100,0,5,0,0,f54b227b 10579df2,32,52,0,2,0
M f54b227b 8cdc7d6c 768 160 100,0,21,0,0,0 39a625e4,8,50,0,0,3 100,0,11,0,0,0 5bdc13e3,20,50,0,2,3 e4447b12,23,11,0,0,0 efcd993d,24,21,0,0,0 67d26872,28,15,0,0,0 29d7f7b0,32,12,0,0,0 1cbbbe30,34,11,0,0,0 951bdd14,35,11,0,0,0 8609d52c,36,15,0,0,0 cc6806e8,40,21,0,0,0 2bb342ba,44,21,0,0,0 100,0,21,0,0,0 64b51e10,48,50,0,13,4 dae93379,64,11,0,0,0 bd94be3a,65,11,0,0,0 8bd6dabf,66,12,0,0,0 d1e766df,68,15,0,0,0 291d3720,72,21,0,0,0 78f8388f,76,21,0,0,0 100,0,11,0,0,0 8822fbce,80,50,0,21,3 26542706,83,11,0,0,0 b34d77f7,84,21,0,0,0 65a03c8b,88,21,0,0,0 a470b2e2,92,21,0,0,0 4df55f03,96,11,0,0,0 73e32c64,97,11,0,0,0 f7698288,98,11,0,0,0 7b33e620,99,11,0,0,0 38e6c28a,100,21,0,0,0 88a2b1fb,104,21,0,0,0 9639a173,108,21,0,0,0 100,0,21,0,0,0 34df9828,112,50,0,34,3 100,0,21,0,0,0 8e6f0ba9,124,50,0,36,3 455c3938,136,21,0,0,0 f8d9e344,140,21,0,0,0 100,0,21,0,0,0 2d3f79c0,144,50,0,40,3 402d6d92,156,15,0,0,0
M 9cc28be 803e74b0 1024 160 a023a02c,8,4a,0,0,0 67d26872,12,15,0,0,0 9a7b6e6d,16,15,0,0,0 1166164,32,33,0,0,0 77dd4010,48,34,0,0,0 9ca32637,64,21,0,0,0 10fb7c42,68,21,0,0,0 d89231bd,72,14,0,0,0 bf74dfa7,76,21,0,0,0 ca974bcd,80,21,0,0,0 6c8f1715,84,62,0,0,4b5acc2f a687ac89,88,15,0,0,0 2691f019,92,62,0,0,26a60207 100,0,7,0,0,0 f17e7f28,96,52,0,13,0 18c1d587,112,14,0,0,0 23c0e543,116,14,0,0,0 3c852527,120,15,0,0,0 951bdd14,128,15,0,0,0 8264e631,132,15,0,0,0 100,0,4a,0,0,0 53df8649,136,52,0,20,0 1f837fb7,152,15,0,0,0 e03b0caa,156,15,0,0,0
M 3a282e1d 6d2e1476 256 16 2dcd2b8,0,12,0,0,0 3575b7dd,2,12,0,0,0 5f380b61,4,12,0,0,0 dea62962,6,12,0,0,0 aa25e6e5,8,12,0,0,0 a03aee0,10,12,0,0,0 cfbd1f29,12,12,0,0,0 508815c1,14,12,0,0,0
M a36c4ead 45e772cb 1024 64 78e9a1bf,0,33,0,0,0 bff5efeb,16,33,0,0,0 9199755b,32,15,0,0,0 100,0,11,0,0,0 72ea9ef,40,59,4,3,2 32e6ab8b,48,13,0,0,0 8b566566,50,13,0,0,0 67d26872,52,15,0,0,0
M 10506455 37e3a0f2 1024 240 bf74dfa7,8,21,0,0,0 67d26872,12,15,0,0,0 6c1523e4,16,15,0,0,0 d9ef8236,32,33,0,0,0 e78aa618,48,33,0,0,0 d61872ff,64,33,0,0,0 82e8c5de,80,21,0,0,0 ad5d5b4c,84,21,0,0,0 e6e17f14,88,4a,0,0,0 75d215a1,92,4a,0,0,0 19471791,96,4a,0,0,0 fc1fb6fb,100,4a,0,0,0 d3c717fc,104,4a,0,0,0 69004b2,108,62,0,0,76baf7c7 9a77c7c5,112,4a,0,0,0 100,0,7,0,0,0 f17e7f28,120,52,0,15,0 d607de68,144,15,0,0,0 100,0,7,0,0,0 ccab9307,152,52,0,18,0 100,0,5,0,0,b1811f1 cd20d7a8,168,52,0,20,0 100,0,5,0,0,995072ca 89f7e992,184,52,0,22,0 100,0,5,0,0,d6a799f9 45bcb930,200,52,0,24,0 100,0,5,0,0,301d99a8 af9c3bd9,216,52,0,26,0
M b1811f1 e796ee15 1024 112 e6e17f14,8,44,0,0,0 d9ef8236,32,33,0,0,0 e78aa618,48,33,0,0,0 ea73a60b,64,21,0,0,0 a261e0a9,68,4a,0,0,0 c208509c,72,4a,0,0,0 67d26872,76,15,0,0,0 41e225b3,80,15,0,0,0 8264e631,84,14,0,0,0 20f3d23e,88,14,0,0,0 100,0,15,0,0,0 8e05312c,96,52,0,10,0
M 995072ca 422ca2c9 768 64 f470d2fd,8,15,0,0,0 9b649621,12,15,0,0,0 67d26872,16,15,0,0,0 46a92719,20,15,0,0,0 d9394f28,24,15,0,0,0 4131e934,28,15,0,0,0 100,0,33,0,0,0 4f42aeb3,32,52,0,6,0 100,0,15,0,0,0 8e05312c,48,52,0,8,0
M 301d99a8 32003632 1024 48 e6e17f14,8,4a,0,0,0 38da06a2,16,34,0,0,0 afb02915,32,21,0,0,0 13d14fa4,36,21,0,0,0 2543dc07,40,15,0,0,0 16af8fb2,44,15,0,0,0
M 3a26e5e1 1bcfb221 1024 96 e6e17f14,8,4a,0,0,0 d8950703,16,33,0,0,0 52d24328,32,34,0,0,0 727cee59,48,44,0,0,0 1f897cb9,64,14,0,0,0 29d7f7b0,68,14,0,0,0 50032cdc,72,21,0,0,0 dc732774,76,14,0,0,0 67d26872,80,14,0,0,0 e953fd29,84,15,0,0,0
M 46ad6dff 274fc43c 1024 304 acec22be,0,40,0,0,40 bf74dfa7,64,21,0,0,0 67d26872,68,15,0,0,0 6c1523e4,72,15,0,0,0 d9ef8236,80,33,0,0,0 e78aa618,96,33,0,0,0 d61872ff,112,33,0,0,0 82e8c5de,128,21,0,0,0 d810651,136,40,0,0,40 b543c7c0,200,40,0,0,40 92cdf72a,264,4a,0,0,0 7ac2cc6d,268,4a,0,0,0 94e45a8e,272,4a,0,0,0 100,0,5,0,0,7609ab1a ca3d3e3,280,52,0,13,0
M 7609ab1a f501310b 768 216 3d43c5d0,0,40,0,0,40 4d7e742b,64,40,0,0,40 5c15b4c6,128,40,0,0,40 bb4cdfbf,192,21,0,0,0 80ff5dea,196,21,0,0,0 100,0,5,0,0,cc76a96c c3d51350,200,52,0,5,0
M cc76a96c 66d0dc7e 1024 160 1f897cb9,0,15,0,0,0 db2290b8,16,33,0,0,0 65fab1ea,32,34,0,0,0 29d7f7b0,48,15,0,0,0 c0097997,52,21,0,0,0 5f6709a3,56,21,0,0,0 ccb4d20a,60,1,0,0,0 967ef874,61,40,0,0,40 5d68ba61,128,21,0,0,0 cd86f6e4,132,21,0,0,0 d52db495,136,1,0,0,0 4dba91cf,137,11,0,0,0 16bf8e7,138,11,0,0,0 84a07fb2,139,11,0,0,0 4063c8f9,144,33,0,0,0
M 15deda27 a10baf1c 1024 48 e6e17f14,8,4a,0,0,0 d8950703,16,33,0,0,0 a4feb6f7,32,4a,0,0,0
M 2604683b f311ef 1024 64 e6e17f14,8,4a,0,0,0 d8950703,16,33,0,0,0 52d24328,32,34,0,0,0 b1c11e58,48,15,0,0,0
M 6383f69 a94c8ec0 1024 80 e6e17f14,8,4a,0,0,0 d8950703,16,33,0,0,0 52d24328,32,34,0,0,0 c4c73273,48,44,0,0,0 29d7f7b0,64,14,0,0,0 9e221643,68,14,0,0,0 c9693402,72,14,0,0,0 67d26872,76,15,0,0,0
M 821d5421 75e91925 1024 96 e6e17f14,8,4a,0,0,0 d8950703,16,33,0,0,0 eee0a2b6,32,33,0,0,0 4c5dd09a,48,33,0,0,0 4f485502,64,33,0,0,0 3798b2fe,80,62,0,0,4d24ff09 bee46552,84,4a,0,0,0 21aac4f9,88,1,0,0,0 370efea8,89,1,0,0,0
M 2cb3d4e3 8e0a4db8 1024 32 e6e17f14,8,4a,0,0,0 d8950703,16,33,0,0,0
M e6b376f7 174f36a 1024 48 e6e17f14,8,4a,0,0,0 d8950703,16,33,0,0,0 414db98b,32,4a,0,0,0 5dced15b,36,4a,0,0,0 a4e51767,40,4a,0,0,0 5d26b560,44,1,0,0,0
M a2109a3d 969640d6 1024 176 e6e17f14,8,4a,0,0,0 d8950703,16,33,0,0,0 c4d999d3,32,33,0,0,0 8eafad7c,48,33,0,0,0 a07fd11c,64,33,0,0,0 fd578ace,80,33,0,0,0 34df9828,96,33,0,0,0 55e7b810,112,21,0,0,0 957e2539,116,21,0,0,0 605e3e65,120,21,0,0,0 72dfd79,124,21,0,0,0 4d543a31,128,21,0,0,0 480c62e,132,21,0,0,0 266f2c5,136,21,0,0,0 1c501fa6,140,21,0,0,0 e953fd29,144,15,0,0,0 efcd993d,148,21,0,0,0 e4447b12,152,11,0,0,0 67d26872,156,15,0,0,0 e0359b7,160,62,0,0,732734e1 efae4525,164,62,0,0,87184673 b3045be,168,21,0,0,0 385d200,172,1,0,0,0
M e2cbcfd4 a3fefcd0 512 12 9303a5e5,0,21,0,0,0 80950108,4,21,0,0,0 b6606c9e,8,21,0,0,0
M aa681042 6ad7318b 768 40 9ae1215f,0,11,0,0,0 100,0,5,0,0,5a2b494 e8a00d49,8,52,0,1,0 100,0,5,0,0,815d6e03 9ad30fa,24,52,0,3,0
M 16760659 f0423679 768 112 49a0e46c,0,1,0,0,0 f3928a70,1,1,0,0,0 364f037b,2,1,0,0,0 12caf91f,3,1,0,0,0 100,0,11,0,0,0 b29be228,4,50,0,4,c 100,0,5,0,0,d2e926f4 e2489c4f,16,52,0,6,0 100,0,5,0,0,f1763df 7f049899,32,52,0,8,0 100,0,5,0,0,6f419fc9 23532a3b,48,52,0,10,0 8590add8,64,5,0,0,aa681042 8b566ea2,104,4a,0,0,0
M d2e926f4 78a5141f 768 24 c8f5438b,0,11,0,0,0 100,0,5,0,0,5b7ef462 68ac8351,8,52,0,1,0
M 85559cf3 1e55be07 0 24 a893a361,0,1,0,0,0
M 5b7ef462 76536be 768 48 aecfe243,0,11,0,0,0 a7431fba,1,11,0,0,0 100,0,5,0,0,3dceca65 4a92222a,8,52,0,2,0 92e68db3,24,5,0,0,85559cf3
M 3dceca65 feac7fe2 0 3 6a6b87c3,0,11,0,0,0 36896d17,1,11,0,0,0
M 6f419fc9 dc2ba2d2 512 48 2fd08cef,0,4a,0,0,0 fc507d28,4,4a,0,0,0 100,0,21,0,0,0 7ae529d,8,50,0,2,5 67d26872,28,15,0,0,0 817af4d5,32,65,0,32,0 72039cc8,36,65,0,32,0 6032815c,40,64,0,16,34b4a664 7e103c8b,42,13,0,0,0 d12f579d,44,11,0,0,0 fa1f27bf,45,11,0,0,0
M 5a2b494 78fb596e 768 56 bfd63d3b,0,4a,0,0,0 100,0,21,0,0,0 38316765,4,50,0,1,5 100,0,5,0,0,f2ba572 f3b8348a,24,52,0,3,0 fcb2e6c0,40,63,0,3,fb1cedd7 3f96b72d,44,15,0,0,0 67d26872,48,13,0,0,0 a2cb2bdc,50,11,0,0,0 e384f7ec,51,11,0,0,0 ac887a91,52,11,0,0,0
M f2ba572 a4f19689 512 12 817af4d5,0,65,0,32,0 72039cc8,4,65,0,32,0 6a6b87c3,8,11,0,0,0 7388ddf9,9,11,0,0,0 e3a9488a,10,11,0,0,0 36896d17,11,11,0,0,0
M 815d6e03 180e0da4 768 24 100,0,11,0,0,0 8856f65a,0,52,0,0,0 7019ca89,16,62,0,0,a8f3c93d
M f1763df b9fbc547 512 48 e6e17f14,0,4a,0,0,0 100,0,11,0,0,0 a58e9f6,4,50,0,1,c 100,0,11,0,0,0 b24df83f,16,50,0,3,c 100,0,11,0,0,0 d676be56,28,50,0,5,6 100,0,11,0,0,0 7cee0a00,34,50,0,7,6 100,0,11,0,0,0 28108805,40,50,0,9,6
M 752dc011 9f3d66e9 1024 48 e6e17f14,8,4a,0,0,0 d8950703,16,33,0,0,0 75f9b59a,32,1,0,0,0 bf01e4bb,33,1,0,0,0 a45138a8,34,1,0,0,0 7d30f458,36,21,0,0,0 2debe103,40,21,0,0,0 d5b0930,44,4a,0,0,0
M d6a799f9 f928f783 768 48 e6e17f14,8,4a,0,0,0 100,0,15,0,0,0 ddfc2211,16,52,0,1,0 100,0,7,0,0,0 ccab9307,32,52,0,3,0
M a1f006a8 981a8921 1024 64 e6e17f14,8,4a,0,0,0 d8950703,16,33,0,0,0 b675857,32,4a,0,0,0 23413900,36,11,0,0,0 a038367b,37,11,0,0,0 66239f17,40,4a,0,0,0 5a7d0063,44,4a,0,0,0 aecd2a66,48,62,0,0,d500c082 4b621302,52,65,0,32,29be262a bb6af9a2,56,21,0,0,0 f2ce2cf2,60,21,0,0,0
M 21edbc73 ecb8dfe5 1024 96 e6e17f14,8,4a,0,0,0 d8950703,16,33,0,0,0 52d24328,32,34,0,0,0 e2a8b992,48,14,0,0,0 29d7f7b0,52,14,0,0,0 c052dea7,64,34,0,0,0 ff1c4627,80,21,0,0,0 67d26872,84,14,0,0,0
M 6ee83bdf 8bc97ef5 1024 80 1166164,16,33,0,0,0 2bd275d1,32,21,0,0,0 3a6112d6,36,21,0,0,0 76f0293,40,21,0,0,0 bd4e0111,44,4a,0,0,0 67d26872,48,15,0,0,0 55378bf6,52,14,0,0,0 4acb771e,56,14,0,0,0 701d41c1,60,14,0,0,0 66782e77,64,14,0,0,0 36523b47,68,4a,0,0,0 805d8f10,72,10,0,0,0
M f377e8c8 4507ca0b 1024 32 fe30e6f3,0,34,0,0,0 606068c4,16,34,0,0,0
M 7c475b5d 3822da24 1024 96 6eceba6e,0,5,0,0,f377e8c8 a0664ee6,32,33,0,0,0 a023a02c,48,4a,0,0,0 bf74dfa7,52,15,0,0,0 8419a4aa,56,21,0,0,0 53cdbf13,60,21,0,0,0 c72adefa,64,21,0,0,0 100,0,5,0,0,ed86f522 1c080bb9,72,52,36,7,0
M ed86f522 a356dafd 256 16 100,0,13,0,0,0 c928991,0,50,0,0,3 bb0b13f0,6,11,0,0,0 1051be7c,7,11,0,0,0 100,0,11,0,0,0 4e036667,8,50,0,4,3 3cba3fe6,11,11,0,0,0 b2991bc4,12,11,0,0,0 100,0,11,0,0,0 5eefefd6,13,50,0,8,3
M 98e5b8e8 ec5b1413 1024 80 e6e17f14,8,4a,0,0,0 d8950703,16,33,0,0,0 18390784,32,21,0,0,0 6c20445a,36,21,0,0,0 161b797e,40,21,0,0,0 da539f49,44,21,0,0,0 2fe2ace8,48,21,0,0,0 e93c824d,52,21,0,0,0 8c9272d,56,21,0,0,0 9a78689c,60,21,0,0,0 e7db33db,64,21,0,0,0 744e96eb,68,15,0,0,0 67d26872,72,15,0,0,0
M 32818195 7bb50876 768 32 e6e17f14,8,4a,0,0,0 100,0,5,0,0,656f0305 d36bc6a9,16,52,0,1,0
M 656f0305 aa74b56c 1024 96 585258ff,0,44,0,0,0 8d559faf,16,34,0,0,0 c928991,32,33,0,0,0 d689b17f,48,33,0,0,0 77076c63,64,21,0,0,0 c0d500f2,68,21,0,0,0 80fa3c42,72,21,0,0,0 257f3581,76,21,0,0,0 4b621302,80,65,0,32,b576f04c
ME 29be262a a7c353ff c1bbd038,0 8a5f2d90,1 9c33a285,2 c22ea351,3 81149327,4 cabca274,5 9c8691e7,6 777e86ed,7 1fffe856,8 cd1a7cd0,9 628f19c9,10 2d7ba1c0,11 dbf467ed,12 5f700e3f,13 99f7c6ca,14 d00a04d0,15 bc39ade8,16 4ba7354e,17 8dfc96c4,18 bb55d55,19 85f8221c,20 f46bda46,21 1359ab77,22 dd8d2b35,23 cc3b712b,24 25507f81,25 5ad99dbf,26 c86f7ced,27 c4f7a2bf,28 423e4efd,29 a84b455,30
ME d500c082 2809ed79 6e403d5a,0 f89d0fb4,1 20c7590c,2
ME d7294a3a c63fe397 1f7b2f83,0 78054e,1 ddf986a0,2
ME ecbc740e b3c678e6 434d84f3,0 feab3a5c,1 a8f4f9b,2
ME 3817d55e 4254c35a c37a552e,0 83e68a42,1 efc70d2a,2 54fa088e,3 3915a963,4 e2361616,5 a8f4e639,6 6fd9f15c,7 29a2eeb5,8 5c0a9dd2,9 a2758ef7,10 f066c09c,11 b614b349,12 e91d34c4,13 dd96d27e,14 c808e512,15
ME 76baf7c7 6f39632c b4f1fed,0 22097fe7,1 7c0cb71,2 5e2f6a14,3 f8051e71,4
ME 4b5acc2f 6ea51086 c2485bbc,0 8e22c856,1 983c176c,2 12cd0c94,3 81046901,4 7d934f41,5 6f5d45b3,6
ME 26a60207 8326cb4f 73d556cb,0 ee09c197,1 1ebb6975,2 13a5b7d4,3
ME 4d24ff09 d17c15ae 41ac1894,0 3271fa74,1 bee41060,2
ME 732734e1 d2fa071e 284ec2db,0 8f06c904,1 7aa8dbb6,2 6c4a3bfc,3 9117be6,4 7c80a660,5 417eb98f,6 58f2ae1a,7
ME 87184673 ff8da2d9 27a6c7bb,0 1b98b5d0,1
ME 34b4a664 cef3cd96 1c6c1df7,-1 451af524,0 2986ab03,1 adf45cf6,2 dcfd492a,3 c20348d4,4 a67e51a2,5 891ef1d1,6 5aa4d585,7 e01d3a0e,8 3eaf3c2a,9 d870de38,10 8da34b66,11 36e4e25a,12
ME fb1cedd7 5c8052a1 dffafa64,0 dea3391a,1 ca687c03,2
ME a8f3c93d 4e0b7113 8e6c331c,0 431259de,1 7247343,2 791e381b,3 5f7023a,4 dc2874d4,5 37bf6700,6 436d4a61,7 a5a06fbe,8 419ce7a8,9 69df2339,10 240cd11c,11 8c95ca76,12 27acde7d,13
ME b576f04c 5e86375f 3b7a3a1d,0
